 moder 
 20 -21/ 
 reconr 
 -21 -22/ 
 'pendf file'/ 
 9237 1/ 
 .05/ 
 '<pendf>-file'/ 
 0/ 
 broadr 
 -21 -22 -23/ 
 9237 5/ 
 .005/ 
 300 600 900 1200 1500/ 
 0/ 
 unresr 
 -21 -23 -24/ 
 9237 5 7 1/ 
 300 600 900 1200 1500/ 
 1.0e+10 1.0e+05 1.0e+03 1.0e+02 1.0e+01 1.0e+00 1.0e-01/ 
 0/ 
 thermr 
 0 -24 -25/ 
 0 9237 16 5 1 0 1 221 1/ 
 300 600 900 1200 1500/ 
 .001 10./ 
 groupr 
 20 -25 0 -26/ 
 9237 1 0 3 0 5 7/ 
 'Group constants'/ 
 300 600 900 1200 1500/ 
 1.0e+10 1.0e+05 1.0e+03 1.0e+02 1.0e+01 1.0e+00 1.0e-01/ 
 110/ 
0.00010000 0.00012589 0.00015849 0.00019953 0.00025119 0.00031623 0.00039811 0.00050119 0.00063096 0.00079433 0.00100000 0.00125893 0.00158489 0.00199526 0.00251189 0.00316228 0.00398107 0.00501187 0.00630957 0.00794328 0.01000000 0.01258925 0.01584893 0.01995262 0.02511886 0.03162278 0.03981072 0.05011872 0.06309573 0.07943282 0.10000000 0.12589254 0.15848932 0.19952623 0.25118864 0.31622777 0.39810717 0.50118723 0.63095734 0.79432823 1.00000000 1.25892541 1.58489319 1.99526231 2.51188643 3.16227766 3.98107171 5.01187234 6.30957344 7.94328235 10.00000000 12.58925412 15.84893192 19.95262315 25.11886432 31.62277660 39.81071706 50.11872336 63.09573445 79.43282347 100.00000000 125.89254118 158.48931925 199.52623150 251.18864315 316.22776602 398.10717055 501.18723363 630.95734448 794.32823472 1000.00000000 1258.92541179 1584.89319246 1995.26231497 2511.88643151 3162.27766017 3981.07170553 5011.87233627 6309.57344480 7943.28234724 10000.00000000 12589.25411794 15848.93192461 19952.62314969 25118.86431510 31622.77660168 39810.71705535 50118.72336273 63095.73444802 79432.82347243 100000.00000000 125892.54117942 158489.31924611 199526.23149689 251188.64315096 316227.76601684 398107.17055350 501187.23362727 630957.34448019 794328.23472428 1000000.00000000 1258925.41179417 1584893.19246111 1995262.31496888 2511886.43150958 3162277.66016838 3981071.70553497 5011872.33627272 6309573.44480193 7943282.34724282 10000000.00000000 / 
 3 1 / 
 3 4 / 
 6 2 / 
 3 18 / 
 3 102 / 
 3 251 / 
 3 452 / 
 0/ 
 3 1 / 
 3 4 / 
 6 2 / 
 3 18 / 
 3 102 / 
 3 251 / 
 3 452 / 
 0/ 
 3 1 / 
 3 4 / 
 6 2 / 
 3 18 / 
 3 102 / 
 3 251 / 
 3 452 / 
 0/ 
 3 1 / 
 3 4 / 
 6 2 / 
 3 18 / 
 3 102 / 
 3 251 / 
 3 452 / 
 0/ 
 3 1 / 
 3 4 / 
 6 2 / 
 3 18 / 
 3 102 / 
 3 251 / 
 3 452 / 
 0/ 
 0/ 
 moder 
 -26 27/ 
 stop 
EOF 
