mcnpxfast1 111112
C cell cards
C --- universe 1 --- 
10 100 -11.0000 -1 u=1 imp:n=1 vol=1.4800e+00 tmp=1.7863e-07
20 200 -0.8820 1 u=1 imp:n=1 vol=2.5200e+00 tmp=1.2693e-07
C --- real world ---
60 0 -2 fill=1 lat=1 imp:n=1

C surface cards
1 cz 0.6864
2 rpp -1.0000 1.0000 -1.0000 1.0000 0. 0.

C data cards
kcode 1000 1.0 10 40
ksrc 0.0 0.0 0.0
m100 92235 6.2999e-03   92238 1.8309e-02
     8016  4.9218e-02
m200 11023 1
print 40 128 140
E0     1.2589e-10  1.5849e-10  1.9953e-10  2.5119e-10  3.1623e-10
     3.9811e-10  5.0119e-10  6.3096e-10  7.9433e-10  1.0000e-09
     1.2589e-09  1.5849e-09  1.9953e-09  2.5119e-09  3.1623e-09
     3.9811e-09  5.0119e-09  6.3096e-09  7.9433e-09  1.0000e-08
     1.2589e-08  1.5849e-08  1.9953e-08  2.5119e-08  3.1623e-08
     3.9811e-08  5.0119e-08  6.3096e-08  7.9433e-08  1.0000e-07
     1.2589e-07  1.5849e-07  1.9953e-07  2.5119e-07  3.1623e-07
     3.9811e-07  5.0119e-07  6.3096e-07  7.9433e-07  1.0000e-06
     1.2589e-06  1.5849e-06  1.9953e-06  2.5119e-06  3.1623e-06
     3.9811e-06  5.0119e-06  6.3096e-06  7.9433e-06  1.0000e-05
     1.2589e-05  1.5849e-05  1.9953e-05  2.5119e-05  3.1623e-05
     3.9811e-05  5.0119e-05  6.3096e-05  7.9433e-05  1.0000e-04
     1.2589e-04  1.5849e-04  1.9953e-04  2.5119e-04  3.1623e-04
     3.9811e-04  5.0119e-04  6.3096e-04  7.9433e-04  1.0000e-03
     1.2589e-03  1.5849e-03  1.9953e-03  2.5119e-03  3.1623e-03
     3.9811e-03  5.0119e-03  6.3096e-03  7.9433e-03  1.0000e-02
     1.2589e-02  1.5849e-02  1.9953e-02  2.5119e-02  3.1623e-02
     3.9811e-02  5.0119e-02  6.3096e-02  7.9433e-02  1.0000e-01
     1.2589e-01  1.5849e-01  1.9953e-01  2.5119e-01  3.1623e-01
     3.9811e-01  5.0119e-01  6.3096e-01  7.9433e-01  1.0000e+00
     1.2589e+00  1.5849e+00  1.9953e+00  2.5119e+00  3.1623e+00
     3.9811e+00  5.0119e+00  6.3096e+00  7.9433e+00  1.0000e+01
FC14 fluxcapacitor14
F14:n 10
FC24 fluxcapacitor24
F24:n 20
FC34 fluxcapacitor34
F34:n 10
FM34 -1 100 (1) (2) (18) (102) (-6 -7)
FC44 fluxcapacitor44
F44:n 20
FM44 -1 200 (1) (2) (18) (102) (-6 -7)
